1024 400 64
  0 0 0 0 0 0 38
! 0 0 26 60 6 -51 38
" 26 0 39 38 0 -52 38
# 65 0 45 58 -3 -50 38
$ 110 0 44 72 -3 -56 38
% 154 0 52 59 -7 -50 38
& 206 0 51 60 -6 -51 38
' 257 0 24 38 7 -52 38
( 281 0 34 75 5 -55 38
) 315 0 35 75 -1 -55 38
* 350 0 45 45 -3 -44 38
+ 395 0 44 46 -3 -44 38
, 439 0 30 40 4 -18 38
- 469 0 44 21 -3 -32 38
. 513 0 27 28 6 -19 38
/ 540 0 43 73 -2 -54 38
0 583 0 46 59 -4 -50 38
1 629 0 44 57 -2 -49 38
2 673 0 46 58 -4 -50 38
3 719 0 47 59 -5 -50 38
4 766 0 49 57 -6 -49 38
5 815 0 47 58 -5 -49 38
6 862 0 47 59 -4 -50 38
7 909 0 47 57 -4 -49 38
8 956 0 46 59 -4 -50 38
9 0 80 46 59 -4 -50 38
: 46 80 27 51 6 -42 38
; 73 80 30 64 4 -42 38
< 103 80 41 53 -1 -48 38
= 144 80 44 35 -3 -39 38
> 188 80 41 53 -2 -48 38
? 229 80 41 61 -2 -52 38
@ 270 80 48 67 -5 -49 38
A 318 80 51 58 -6 -50 38
B 369 80 46 58 -2 -50 38
C 415 80 48 60 -4 -51 38
D 463 80 47 58 -3 -50 38
E 510 80 43 58 -1 -50 38
F 553 80 43 58 0 -50 38
G 596 80 48 60 -5 -51 38
H 644 80 45 58 -3 -50 38
I 689 80 43 58 -2 -50 38
J 732 80 43 60 -3 -51 38
K 775 80 48 58 -2 -50 38
L 823 80 43 58 0 -50 38
M 866 80 46 58 -4 -50 38
N 912 80 45 58 -3 -50 38
O 957 80 49 60 -5 -51 38
P 0 160 45 58 -2 -50 38
Q 45 160 49 70 -5 -51 38
R 94 160 46 58 -2 -50 38
S 140 160 47 60 -4 -51 38
T 187 160 50 58 -6 -50 38
U 237 160 45 59 -3 -50 38
V 282 160 50 58 -6 -50 38
W 332 160 54 59 -8 -51 38
X 386 160 48 58 -5 -50 38
Y 434 160 50 58 -6 -50 38
Z 484 160 47 59 -4 -51 38
[ 531 160 35 72 6 -54 38
\ 566 160 43 73 -2 -54 38
] 609 160 34 72 -2 -54 38
^ 643 160 41 41 -1 -51 38
_ 684 160 48 21 -5 -4 38
` 732 160 30 30 2 -58 38
a 762 160 44 49 -3 -40 38
b 806 160 46 63 -3 -54 38
c 852 160 46 49 -3 -40 38
d 898 160 46 63 -5 -54 38
e 944 160 47 49 -4 -40 38
f 0 240 47 63 -2 -55 38
g 47 240 49 63 -4 -40 38
h 96 240 45 62 -3 -54 38
i 141 240 38 62 -3 -54 38
j 179 240 40 76 -5 -54 38
k 219 240 47 62 -2 -54 38
l 266 240 46 63 -3 -54 38
m 312 240 49 48 -5 -40 38
n 361 240 45 48 -3 -40 38
o 406 240 48 49 -5 -40 38
p 454 240 46 62 -3 -40 38
q 500 240 46 62 -5 -40 38
r 546 240 42 48 1 -40 38
s 588 240 46 49 -4 -40 38
t 634 240 47 59 -4 -50 38
u 681 240 45 49 -4 -40 38
v 726 240 49 48 -5 -40 38
w 775 240 54 48 -8 -40 38
x 829 240 47 48 -4 -40 38
y 876 240 49 62 -5 -40 38
z 925 240 46 48 -4 -40 38
{ 971 240 42 72 -1 -54 38
| 0 320 22 80 8 -56 38
} 22 320 41 72 -2 -54 38
~ 63 320 46 26 -4 -34 38
