512 512 64
  1 1 1 1 0 0 13.5467
! 2 1 9 41 4 -39 14.08
" 10 1 22 15 3 -41 17.4933
# 23 1 53 40 3 -39 33.6267
$ 54 1 80 53 2 -46 30.6933
% 81 1 117 42 2 -40 40
& 118 1 150 42 2 -40 33.9733
' 151 1 156 14 2 -41 9.54667
( 157 1 172 58 3 -44 18.6933
) 173 1 188 58 1 -44 19.0133
* 189 1 212 24 0 -39 23.52
+ 213 1 240 31 2 -33 30.9867
, 241 1 250 15 0 -6 10.7467
- 251 1 265 6 1 -19 15.0933
. 266 1 273 8 3 -6 14.4
/ 274 1 295 44 0 -39 22.5333
0 296 1 321 42 3 -40 30.6933
1 322 1 338 41 4 -40 30.6933
2 339 1 366 41 2 -40 30.6933
3 367 1 393 42 2 -40 30.6933
4 394 1 423 40 1 -39 30.6933
5 424 1 449 41 4 -39 30.6933
6 450 1 476 41 3 -39 30.6933
7 477 1 504 40 2 -39 30.6933
8 1 59 26 100 3 -40 30.6933
9 27 59 53 100 2 -40 30.6933
: 54 59 61 90 3 -30 13.2267
; 62 59 71 97 1 -30 11.5467
< 72 59 95 84 1 -30 27.76
= 96 59 119 75 4 -26 29.9733
> 120 59 144 84 3 -30 28.56
? 145 59 167 100 2 -40 25.8133
@ 168 59 213 111 2 -39 49.04
A 214 59 249 98 0 -39 35.6267
B 250 59 277 98 4 -39 34.0267
C 278 59 309 100 3 -40 35.5467
D 310 59 339 98 4 -39 35.84
E 340 59 366 98 4 -39 31.04
F 367 59 392 98 4 -39 30.1867
G 393 59 424 100 3 -40 37.2
H 425 59 456 98 4 -39 38.96
I 457 59 464 98 4 -39 14.8533
J 465 59 490 99 1 -39 30.1333
K 1 112 32 151 4 -39 34.2667
L 33 112 58 151 4 -39 29.4133
M 59 112 99 151 4 -39 47.68
N 100 112 131 151 4 -39 38.96
O 132 112 164 153 3 -40 37.5733
P 165 112 194 151 4 -39 34.4533
Q 195 112 228 159 2 -40 37.5733
R 229 112 258 151 4 -39 33.6533
S 259 112 288 153 2 -40 32.4267
T 289 112 320 151 1 -39 32.5867
U 321 112 350 152 3 -39 35.4133
V 351 112 386 151 0 -39 34.7733
W 387 112 434 151 1 -39 48.4533
X 435 112 467 151 1 -39 34.24
Y 468 112 501 151 0 -39 32.8
Z 1 160 30 199 2 -39 32.72
[ 31 160 42 214 3 -45 14.48
\ 43 160 64 203 1 -39 22.4267
] 65 160 76 214 0 -45 14.48
^ 77 160 98 180 1 -39 22.8267
_ 99 160 124 165 0 0 24.64
` 125 160 137 168 1 -41 16.88
a 138 160 163 191 2 -30 29.7067
b 164 160 190 202 3 -41 30.6667
c 191 160 216 191 2 -30 28.5867
d 217 160 242 202 2 -41 30.8
e 243 160 268 191 2 -30 28.96
f 269 160 288 202 1 -42 18.9867
g 289 160 314 202 2 -30 30.6667
h 315 160 339 201 3 -41 30.08
i 340 160 347 200 3 -40 13.28
j 348 160 360 212 -2 -40 13.0667
k 361 160 386 201 3 -41 27.68
l 387 160 393 201 4 -41 13.28
m 394 160 436 190 3 -30 47.8933
n 437 160 461 190 3 -30 30.16
o 462 160 489 191 2 -30 31.1467
p 1 215 27 257 3 -30 30.6667
q 28 215 53 257 2 -30 31.04
r 54 215 69 245 3 -30 18.5067
s 70 215 94 246 2 -30 28.1867
t 95 215 111 252 0 -36 17.8667
u 112 215 136 245 3 -29 30.1067
v 137 215 163 244 0 -29 26.4533
w 164 215 203 244 1 -29 41.04
x 204 215 229 244 1 -29 27.0933
y 230 215 256 256 0 -29 25.84
z 257 215 281 244 2 -29 27.0933
{ 282 215 299 268 1 -43 18.48
| 300 215 305 262 4 -39 13.3333
} 306 215 323 268 0 -43 18.48
~ 324 215 355 227 3 -22 37.1467
